####四号步兵  6mm
camera_matrix: [ 1286.391399, 0,  435.102358,
    0,  1286.862123,   284.178119,
    0,  0,  1]
dist_coeffs: [-0.258030,0.0692953,-0.001853,0.002592,0.000000]
####没有使用  8mm
camera_matrix: [ 1292.694475, 0,  390.619866,
    0,  1293.793501,   291.767116,
    0,  0,  1]
dist_coeffs: [-0.194714,0.129487,0.06499,0.004098,0.000000]
####工程  广角
camera_matrix: [ 872.309832, 0,  643.35749,
    0,  872.552991,   497.862604,
    0,  0,  1]
dist_coeffs: [-0.102968,0.075862,0.000210,0.000121,0.000000]

###哨兵 小相机
camera_matrix: [ 504.186483, 0,  611.422136,
    0,  505.813271,   338.015321,
    0,  0,  1]
dist_coeffs: [-0.016357,-0.13340,0.000228,0.000012,0.000000]
